Cardio Linear, Laplacian, Sigmoid, Polynomial, Gaussian 
L2 - Centering - K Normalizing
Accuracy: 0.5295412339225531
Precision: 0.3421828908554572
Recall: 0.5345622119815668
Lambda: 1
Config: [1, 0.2]
Eta: [-0.04405075  0.99901993]

Cardio Linear, Laplacian, Sigmoid, Polynomial, Gaussian 
L2 - Centering - K Normalizing
Accuracy: 0.5295412339225531
Precision: 0.3421828908554572
Recall: 0.5345622119815668
Lambda: 1
Config: [1, 0.3]
Eta: [-0.02354956  0.99948961]

