Cardio Polynomial - Gaussian 
L2 - Centering - Normalizing
Accuracy: 0.4789915966386554
Precision: 0.32732732732732733
Recall: 0.4579831932773109
Lambda: 0.3
Config: [2, 0.2]
Eta: [4.1285302e-08 1.0000000e+00]

Cardio Polynomial - Gaussian 
L2 - Centering - K Normalizing
Accuracy: 0.6161370798319328
Precision: 0.44722222222222224
Recall: 0.6764705882352942
Lambda: 0.3
Config: [2, 0.5]
Eta: [ 0.99995547 -0.00943726]

Cardio Polynomial - Gaussian 
L1 - Centering - Normalizing
Accuracy: 0.4808298319327731
Precision: 0.32646048109965636
Recall: 0.39915966386554624
Lambda: 0.3
Config: [5, 0.2]
Eta: [1.00000000e+00 2.29587374e-20]

Cardio Polynomial - Gaussian 
L1 - Centering - K Normalizing
Accuracy: 0.5482536764705882
Precision: 0.40816326530612246
Recall: 0.42016806722689076
Lambda: 0.5
Config: [6, 0.5]
Eta: [0.01126184 0.99993658]

